剩饭剩菜 590 331 869 706
剩饭剩菜 733 338 924 443
剩饭剩菜 784 228 909 297
剩饭剩菜 910 187 958 216
剩饭剩菜 760 111 869 204
剩饭剩菜 727 54 765 101
剩饭剩菜 619 152 762 244
剩饭剩菜 669 280 743 327
剩饭剩菜 469 358 678 515
剩饭剩菜 361 530 531 687
剩饭剩菜 219 484 355 622
剩饭剩菜 87 384 279 565
剩饭剩菜 490 262 654 362
剩饭剩菜 512 184 619 276
剩饭剩菜 404 178 522 292
剩饭剩菜 512 49 576 103
剩饭剩菜 445 59 507 87
剩饭剩菜 298 86 434 159
剩饭剩菜 215 48 339 110
剩饭剩菜 285 152 436 258
剩饭剩菜 167 140 239 199
果皮果肉 189 199 332 270
剩饭剩菜 272 262 439 377
剩饭剩菜 287 322 485 425
剩饭剩菜 79 277 249 362
剩饭剩菜 0 242 79 320
剩饭剩菜 5 359 80 412
玻璃器皿 844 574 943 677
陶瓷器皿 889 509 963 632
污损用纸 472 659 633 753
陶瓷器皿 286 704 472 753
筷子 364 601 396 753
玻璃器皿 229 640 322 746
污损用纸 194 648 296 720
玻璃器皿 487 554 557 665
玻璃器皿 500 502 577 591
陶瓷器皿 353 498 587 719
陶瓷器皿 192 458 418 658
玻璃器皿 117 501 195 595
筷子 2 506 259 725
陶瓷器皿 9 566 166 700
陶瓷器皿 0 470 108 627
陶瓷器皿 620 364 887 726
陶瓷器皿 723 315 930 459
陶瓷器皿 440 338 693 521
陶瓷器皿 92 367 298 527
陶瓷器皿 0 346 118 473
筷子 0 367 182 428
陶瓷器皿 934 264 963 338
筷子 883 296 963 317
陶瓷器皿 758 208 944 325
陶瓷器皿 662 260 759 338
陶瓷器皿 478 249 670 367
陶瓷器皿 501 168 686 285
陶瓷器皿 395 173 534 253
陶瓷器皿 111 193 312 305
陶瓷器皿 881 142 963 224
陶瓷器皿 735 116 885 210
污损用纸 844 103 958 152
陶瓷器皿 583 124 789 258
陶瓷器皿 139 111 291 216
玻璃器皿 776 56 823 116
陶瓷器皿 672 90 754 134
陶瓷器皿 659 47 770 105
陶瓷器皿 678 32 707 86
污损用纸 624 33 676 72
筷子 622 45 634 91
陶瓷器皿 524 75 672 177
陶瓷器皿 482 35 587 111
污损用纸 584 39 615 76
污损用纸 575 0 639 35
陶瓷器皿 429 44 523 181
陶瓷器皿 290 56 434 165
陶瓷器皿 125 92 214 144
陶瓷器皿 274 24 350 69
筷子 247 29 399 58
玻璃器皿 92 192 148 256
陶瓷器皿 67 260 202 367
陶瓷器皿 0 245 96 343
