剩饭剩菜 175 548 280 638
剩饭剩菜 293 393 439 579
剩饭剩菜 400 323 439 362
剩饭剩菜 243 254 392 343
剩饭剩菜 225 192 334 235
剩饭剩菜 165 75 239 174
剩饭剩菜 3 159 202 274
剩饭剩菜 98 286 192 399
污损塑料 292 310 438 587
纸盒纸箱 273 423 439 635
筷子 186 563 390 648
一次性快餐盒 166 511 305 663
一次性快餐盒 76 576 174 696
污损用纸 6 296 282 573
一次性快餐盒 390 254 439 322
筷子 402 226 438 279
金属器皿 226 229 412 358
一次性快餐盒 3 260 92 352
污损用纸 343 200 392 251
污损用纸 348 175 392 203
金属器皿 194 160 358 263
一次性快餐盒 310 139 364 175
一次性快餐盒 250 129 307 166
筷子 217 131 311 145
易拉罐 254 78 286 128
玻璃器皿 41 188 207 281
污损用纸 2 205 31 264
污损用纸 149 129 186 182
污损用纸 136 111 169 154
筷子 115 97 188 133
一次性快餐盒 94 96 150 134
污损用纸 128 77 161 107
污损用纸 63 103 104 142
易拉罐 49 69 82 121
一次性快餐盒 13 117 76 150
污损用纸 6 76 46 115
