剩饭剩菜 327 367 569 556
剩饭剩菜 629 373 830 532
剩饭剩菜 747 277 905 381
剩饭剩菜 657 214 761 282
剩饭剩菜 537 291 604 343
剩饭剩菜 176 301 347 423
剩饭剩菜 76 209 268 296
剩饭剩菜 753 122 900 195
剩饭剩菜 627 105 743 169
剩饭剩菜 489 144 660 223
剩饭剩菜 334 134 453 195
剩饭剩菜 164 129 281 187
剩饭剩菜 269 79 395 140
剩饭剩菜 417 77 517 137
剩饭剩菜 532 67 619 124
剩饭剩菜 383 8 466 43
陶瓷器皿 995 292 1023 364
陶瓷器皿 986 211 1023 273
污损用纸 942 240 1017 296
筷子 909 221 1023 237
陶瓷器皿 877 249 953 304
污损塑料 915 155 1023 227
陶瓷器皿 616 353 869 550
陶瓷器皿 295 328 602 575
金属厨具 439 425 644 575
陶瓷器皿 727 259 935 396
陶瓷器皿 642 210 774 298
陶瓷器皿 519 263 671 352
陶瓷器皿 318 214 487 318
陶瓷器皿 146 285 368 447
陶瓷器皿 39 195 312 305
陶瓷器皿 3 170 102 241
陶瓷器皿 476 132 674 265
金属厨具 601 175 789 216
陶瓷器皿 734 117 904 232
陶瓷器皿 604 94 756 184
陶瓷器皿 796 102 866 133
筷子 811 84 853 122
玻璃器皿 774 61 808 108
陶瓷器皿 709 38 762 83
筷子 685 39 818 60
陶瓷器皿 632 32 684 74
筷子 607 61 640 84
陶瓷器皿 525 51 639 131
陶瓷器皿 477 12 524 43
陶瓷器皿 367 3 477 71
陶瓷器皿 247 73 411 150
陶瓷器皿 321 127 465 207
玻璃器皿 140 115 294 202
筷子 41 124 157 181
污损用纸 1 386 103 483
