剩饭剩菜 724 601 810 653
剩饭剩菜 493 540 535 581
剩饭剩菜 567 621 636 656
剩饭剩菜 456 598 510 650
剩饭剩菜 338 631 451 656
剩饭剩菜 158 556 274 631
剩饭剩菜 287 136 359 182
剩饭剩菜 604 251 721 338
污损用纸 896 574 1020 648
污损用纸 928 413 1019 510
陶瓷器皿 534 558 687 656
筷子 577 507 648 656
陶瓷器皿 805 397 926 496
陶瓷器皿 832 354 896 469
陶瓷器皿 724 440 872 563
筷子 685 388 922 580
陶瓷器皿 599 369 707 472
陶瓷器皿 314 427 464 553
陶瓷器皿 825 298 933 383
陶瓷器皿 759 237 871 323
陶瓷器皿 792 235 902 291
筷子 704 201 927 230
陶瓷器皿 768 167 890 219
陶瓷器皿 687 145 872 256
陶瓷器皿 587 228 746 342
陶瓷器皿 408 196 594 341
陶瓷器皿 392 267 596 362
陶瓷器皿 284 336 422 437
陶瓷器皿 167 321 289 419
陶瓷器皿 64 290 188 387
污损用纸 45 370 135 425
陶瓷器皿 269 245 388 336
陶瓷器皿 143 237 267 321
筷子 107 247 365 309
筷子 197 234 441 319
陶瓷器皿 226 200 331 253
陶瓷器皿 333 207 407 244
陶瓷器皿 351 169 507 255
陶瓷器皿 505 115 685 220
陶瓷器皿 401 113 489 168
金属厨具 213 133 432 186
金属器皿 159 88 403 212
污损用纸 140 56 190 126
陶瓷器皿 670 119 756 162
陶瓷器皿 581 88 669 136
筷子 557 90 723 115
陶瓷器皿 473 86 560 143
陶瓷器皿 394 79 473 118
筷子 318 57 381 113
陶瓷器皿 308 82 393 118
污损用纸 375 38 426 92
污损用纸 161 509 263 584
