剩饭剩菜 264 338 322 397
剩饭剩菜 41 355 126 397
鱼骨 124 291 205 377
剩饭剩菜 110 233 238 333
剩饭剩菜 94 210 140 246
剩饭剩菜 264 197 382 281
剩饭剩菜 366 156 418 190
剩饭剩菜 347 113 391 140
剩饭剩菜 258 154 288 178
剩饭剩菜 222 83 301 152
剩饭剩菜 135 84 175 102
陶瓷器皿 252 319 341 396
筷子 209 336 392 397
塑料器皿 22 311 140 396
污损用纸 260 265 319 324
金属器皿 76 228 250 387
污损用纸 3 222 117 321
陶瓷器皿 252 182 398 304
陶瓷器皿 146 162 260 231
金属器皿 129 157 282 259
筷子 37 177 129 258
筷子 89 126 98 215
陶瓷器皿 52 142 114 194
陶瓷器皿 361 148 423 200
陶瓷器皿 339 104 396 150
玻璃器皿 376 55 418 112
陶瓷器皿 189 72 322 154
陶瓷器皿 131 72 182 114
陶瓷器皿 212 39 281 76
玻璃器皿 296 0 348 83
