剩饭剩菜 490 441 887 698
剩饭剩菜 493 305 766 434
剩饭剩菜 961 320 1023 369
剩饭剩菜 873 216 1023 283
果皮果肉 743 132 936 211
剩饭剩菜 686 147 752 207
剩饭剩菜 465 226 724 327
剩饭剩菜 464 150 618 203
剩饭剩菜 252 514 450 726
剩饭剩菜 38 507 238 616
剩饭剩菜 179 322 489 474
剩饭剩菜 188 150 416 286
剩饭剩菜 1 215 148 341
剩饭剩菜 377 35 442 65
陶瓷器皿 478 444 944 734
陶瓷器皿 197 543 495 767
陶瓷器皿 0 459 266 647
陶瓷器皿 934 298 1023 404
陶瓷器皿 801 337 979 427
陶瓷器皿 490 304 789 452
陶瓷器皿 55 304 488 552
陶瓷器皿 0 305 178 421
陶瓷器皿 802 238 935 319
金属器皿 419 218 777 340
陶瓷器皿 150 192 439 291
陶瓷器皿 1 230 156 308
陶瓷器皿 39 183 171 224
陶瓷器皿 213 149 337 200
陶瓷器皿 354 140 458 196
陶瓷器皿 445 163 627 210
陶瓷器皿 737 181 951 228
陶瓷器皿 923 173 1023 208
陶瓷器皿 626 154 779 242
陶瓷器皿 711 114 789 153
陶瓷器皿 624 133 703 161
玻璃器皿 461 87 509 159
筷子 626 5 758 62
