剩饭剩菜 551 501 879 714
剩饭剩菜 716 270 1023 507
剩饭剩菜 723 134 930 239
剩饭剩菜 561 33 806 185
菜帮菜叶 440 108 680 300
剩饭剩菜 458 71 647 169
剩饭剩菜 348 10 543 84
剩饭剩菜 314 161 568 320
剩饭剩菜 63 39 346 166
剩饭剩菜 0 141 275 380
剩饭剩菜 82 370 479 714
陶瓷器皿 516 460 922 714
锅 698 230 1023 574
锅 1 315 634 714
陶瓷器皿 936 134 1019 211
陶瓷器皿 702 118 950 239
陶瓷器皿 823 99 906 126
陶瓷器皿 446 69 699 303
锅 294 80 623 374
陶瓷器皿 0 130 300 389
金属器皿 34 27 378 223
玻璃器皿 917 75 988 165
玻璃器皿 754 11 808 84
筷子 714 19 886 47
陶瓷器皿 711 0 832 54
陶瓷器皿 522 21 704 87
陶瓷器皿 315 0 557 108
筷子 180 0 249 28
陶瓷器皿 135 6 264 39
纸盒纸箱 14 48 72 104
纸盒纸箱 507 334 743 482
