剩饭剩菜 173 543 282 631
剩饭剩菜 293 390 438 575
剩饭剩菜 239 247 393 334
剩饭剩菜 400 315 439 355
剩饭剩菜 222 189 330 228
剩饭剩菜 157 69 268 167
剩饭剩菜 0 151 201 271
剩饭剩菜 94 280 191 396
筷子 174 555 388 641
一次性快餐盒 163 505 302 655
陶瓷器皿 73 572 172 671
纸盒纸箱 269 418 440 627
污损塑料 283 303 441 572
污损用纸 0 295 278 563
筷子 399 217 436 273
一次性快餐盒 389 251 436 316
金属器皿 223 223 412 354
污损用纸 0 253 89 346
污损用纸 339 193 386 242
污损用纸 343 168 388 197
一次性快餐盒 306 133 361 174
筷子 215 124 308 139
一次性快餐盒 246 124 305 158
金属器皿 192 155 355 253
玻璃器皿 39 179 206 275
污损用纸 0 198 27 258
污损用纸 146 123 184 174
一次性快餐盒 12 109 71 146
筷子 112 93 185 126
陶瓷器皿 122 71 157 102
一次性快餐盒 94 89 147 124
污损用纸 61 97 100 135
易拉罐 251 73 282 122
易拉罐 45 63 82 111
污损用纸 5 69 44 108
