筷子 0.0756 760 44 806 128
筷子 0.0509 134 129 170 196
剩饭剩菜 0.8943 181 275 337 425
剩饭剩菜 0.8892 497 141 663 258
剩饭剩菜 0.7949 84 202 290 300
剩饭剩菜 0.7671 734 260 909 386
剩饭剩菜 0.8998 431 74 506 140
剩饭剩菜 0.9277 271 79 381 138
剩饭剩菜 0.9506 634 104 731 175
剩饭剩菜 0.6354 670 210 754 283
剩饭剩菜 0.7569 637 351 814 510
剩饭剩菜 0.6845 531 59 602 128
剩饭剩菜 0.5821 151 125 297 196
剩饭剩菜 0.8173 357 353 536 570
剩饭剩菜 0.7744 353 134 443 198
剩饭剩菜 0.5554 725 100 897 193
剩饭剩菜 0.3466 797 132 874 185
剩饭剩菜 0.1975 357 225 450 302
剩饭剩菜 0.0729 549 281 610 345
陶瓷器皿 0.9367 263 60 404 150
陶瓷器皿 0.8829 331 205 479 316
陶瓷器皿 0.5598 736 262 908 396
陶瓷器皿 0.8199 626 87 755 183
陶瓷器皿 0.7668 420 60 544 151
陶瓷器皿 0.8593 653 199 774 311
陶瓷器皿 0.7801 168 257 341 446
陶瓷器皿 0.7370 14 168 92 239
陶瓷器皿 0.7029 887 247 944 300
陶瓷器皿 0.4917 375 2 471 72
陶瓷器皿 0.6248 339 115 471 213
陶瓷器皿 0.6181 505 38 636 126
陶瓷器皿 0.5020 522 143 666 261
陶瓷器皿 0.5059 541 252 667 355
陶瓷器皿 0.4408 561 317 832 568
陶瓷器皿 0.6742 628 27 678 84
陶瓷器皿 0.6714 40 139 297 322
陶瓷器皿 0.3348 5 366 87 480
陶瓷器皿 0.3761 871 226 1001 316
陶瓷器皿 0.5798 478 17 527 70
陶瓷器皿 0.3306 171 127 315 197
陶瓷器皿 0.3954 210 56 254 117
陶瓷器皿 0.3366 258 4 300 80
陶瓷器皿 0.1074 981 230 1023 385
陶瓷器皿 0.2872 713 35 758 95
陶瓷器皿 0.1379 88 125 138 196
陶瓷器皿 0.1520 949 234 1006 290
陶瓷器皿 0.2678 1001 285 1018 382
陶瓷器皿 0.1065 48 125 96 164
陶瓷器皿 0.2270 891 309 933 392
陶瓷器皿 0.0933 900 120 942 206
陶瓷器皿 0.1151 -3 219 47 296
陶瓷器皿 0.0595 777 63 817 137
陶瓷器皿 0.0927 604 63 638 137
陶瓷器皿 0.0708 521 21 557 94
