玻璃器皿 0.1747 337 16 386 91
玻璃器皿 0.0923 426 71 506 268
玻璃器皿 0.1558 181 9 272 62
玻璃器皿 0.1350 262 8 301 64
剩饭剩菜 0.7640 207 223 377 354
剩饭剩菜 0.8564 26 160 189 303
剩饭剩菜 0.7787 248 68 335 113
剩饭剩菜 0.4602 412 198 510 331
剩饭剩菜 0.5354 322 83 416 219
剩饭剩菜 0.7504 166 118 255 181
剩饭剩菜 0.3996 180 77 236 102
剩饭剩菜 0.1896 17 76 53 120
剩饭剩菜 0.1434 415 52 453 86
剩饭剩菜 0.0630 422 19 453 49
剩饭剩菜 0.0843 222 18 256 43
剩饭剩菜 0.0641 436 79 510 261
陶瓷器皿 0.8583 9 140 210 319
陶瓷器皿 0.8424 142 98 263 207
陶瓷器皿 0.6877 160 68 245 110
陶瓷器皿 0.6861 183 212 409 366
陶瓷器皿 0.6518 309 94 424 217
陶瓷器皿 0.6056 225 51 349 141
陶瓷器皿 0.3911 302 18 332 42
陶瓷器皿 0.1346 422 14 452 46
陶瓷器皿 0.3558 394 42 474 92
陶瓷器皿 0.1574 399 194 502 337
陶瓷器皿 0.1416 485 0 506 40
陶瓷器皿 0.0532 426 71 507 233
陶瓷器皿 0.1922 390 11 423 41
陶瓷器皿 0.1081 339 39 376 78
陶瓷器皿 0.0979 455 12 478 49
陶瓷器皿 0.0521 57 33 89 64
陶瓷器皿 0.0885 468 28 498 64
陶瓷器皿 0.0760 342 3 372 38
