筷子 0.3624 336 486 417 623
果皮果肉 0.0973 393 32 456 122
玻璃器皿 0.0923 394 14 457 114
陶瓷器皿 0.5676 -54 462 410 637
陶瓷器皿 0.2482 45 272 432 491
陶瓷器皿 0.2478 1 143 76 170
陶瓷器皿 0.0947 -5 254 80 324
陶瓷器皿 0.1983 103 267 139 329
陶瓷器皿 0.0688 203 200 241 240
陶瓷器皿 0.0849 502 171 581 195
陶瓷器皿 0.0559 388 337 430 392
陶瓷器皿 0.0584 61 270 110 315
剩饭剩菜 0.4329 -8 496 189 634
剩饭剩菜 0.3732 6 264 47 311
剩饭剩菜 0.1439 130 198 358 323
剩饭剩菜 0.1836 15 339 109 422
剩饭剩菜 0.0995 275 204 320 250
剩饭剩菜 0.0595 201 203 246 249
剩饭剩菜 0.1506 160 259 303 317
剩饭剩菜 0.0545 232 193 385 260
