污损用纸 0.0837 21 -2 188 121
剩饭剩菜 0.3431 70 327 587 723
剩饭剩菜 0.7130 573 453 878 735
剩饭剩菜 0.6279 737 238 1004 538
剩饭剩菜 0.7060 752 121 929 242
剩饭剩菜 0.4110 487 61 663 305
剩饭剩菜 0.3908 7 111 239 403
剩饭剩菜 0.2608 324 8 519 107
剩饭剩菜 0.1420 567 29 640 98
剩饭剩菜 0.0759 168 148 201 238
剩饭剩菜 0.1010 673 75 763 148
剩饭剩菜 0.0664 368 17 439 84
剩饭剩菜 0.0670 535 82 624 137
陶瓷器皿 0.6263 47 329 523 714
陶瓷器皿 0.8912 457 68 669 320
陶瓷器皿 0.3847 647 39 783 151
陶瓷器皿 0.2808 568 26 637 89
陶瓷器皿 0.5120 943 131 1000 212
陶瓷器皿 0.3083 347 11 542 107
陶瓷器皿 0.0846 753 223 996 659
陶瓷器皿 0.2374 555 447 920 750
陶瓷器皿 0.0801 494 -12 549 31
