污损用纸 0.0579 51 201 124 314
筷子 0.1605 184 306 262 395
筷子 0.1811 39 157 109 286
筷子 0.1014 82 90 135 149
筷子 0.0547 72 136 102 186
金属器皿 0.3922 105 225 248 377
污损塑料 0.0919 13 285 135 394
剩饭剩菜 0.7193 263 181 384 294
剩饭剩菜 0.8423 120 224 225 368
剩饭剩菜 0.4405 229 71 303 170
剩饭剩菜 0.9096 166 173 245 227
剩饭剩菜 0.8179 269 342 332 390
剩饭剩菜 0.4308 141 76 175 106
剩饭剩菜 0.7658 353 114 386 141
剩饭剩菜 0.5113 371 156 407 188
剩饭剩菜 0.4992 227 48 270 74
剩饭剩菜 0.1816 196 330 267 380
剩饭剩菜 0.2328 70 152 97 190
剩饭剩菜 0.1041 257 133 311 202
剩饭剩菜 0.0811 261 147 286 180
陶瓷器皿 0.8267 145 155 256 238
陶瓷器皿 0.9277 215 39 281 77
陶瓷器皿 0.8373 342 107 396 147
陶瓷器皿 0.8935 135 72 184 111
陶瓷器皿 0.9290 367 150 420 194
陶瓷器皿 0.7878 198 68 311 161
陶瓷器皿 0.5916 248 318 362 396
陶瓷器皿 0.8004 53 141 105 198
陶瓷器皿 0.7845 239 168 405 308
陶瓷器皿 0.2008 67 216 245 374
陶瓷器皿 0.3217 377 88 400 117
陶瓷器皿 0.2434 3 258 76 316
陶瓷器皿 0.0976 257 280 324 321
陶瓷器皿 0.0730 309 57 333 82
陶瓷器皿 0.1769 94 141 112 181
陶瓷器皿 0.0944 415 138 423 170
陶瓷器皿 0.0685 417 103 424 141
陶瓷器皿 0.0661 417 187 423 233
陶瓷器皿 0.0606 417 223 425 322
