筷子 0.0724 281 455 401 745
陶瓷器皿 0.6287 152 299 458 523
陶瓷器皿 0.7793 217 504 474 774
陶瓷器皿 0.8672 1 449 261 654
陶瓷器皿 0.6617 488 420 941 727
陶瓷器皿 0.5939 457 262 788 457
陶瓷器皿 0.7551 152 127 446 291
陶瓷器皿 0.6742 807 238 942 324
陶瓷器皿 0.6309 915 200 1023 299
陶瓷器皿 0.4915 451 119 634 207
陶瓷器皿 0.6310 802 304 967 433
陶瓷器皿 0.2453 4 200 187 437
陶瓷器皿 0.6002 364 138 442 206
陶瓷器皿 0.3344 955 304 1015 394
陶瓷器皿 0.3687 741 148 949 235
陶瓷器皿 0.2039 941 168 1004 214
陶瓷器皿 0.2161 789 67 835 135
陶瓷器皿 0.0815 635 127 688 160
陶瓷器皿 0.1158 2 0 19 118
陶瓷器皿 0.1790 46 179 129 219
陶瓷器皿 0.0873 528 96 594 143
陶瓷器皿 0.1055 621 159 770 243
陶瓷器皿 0.0708 722 113 785 153
剩饭剩菜 0.6209 175 306 467 520
剩饭剩菜 0.5825 507 465 887 725
剩饭剩菜 0.9233 43 485 227 619
剩饭剩菜 0.7319 750 124 934 214
剩饭剩菜 0.8185 192 152 395 276
剩饭剩菜 0.5849 19 297 189 409
剩饭剩菜 0.7639 273 514 471 771
剩饭剩菜 0.5891 470 110 650 206
剩饭剩菜 0.4662 473 232 761 442
剩饭剩菜 0.5445 12 200 163 313
剩饭剩菜 0.3285 945 302 1014 401
剩饭剩菜 0.6725 685 143 753 200
剩饭剩菜 0.3984 922 191 1019 310
剩饭剩菜 0.5520 58 330 152 388
剩饭剩菜 0.5104 442 218 697 303
剩饭剩菜 0.2159 826 255 919 328
剩饭剩菜 0.1250 471 153 573 199
