玻璃器皿 0.0754 353 79 394 141
金属器皿 0.5309 203 186 412 338
筷子 0.3741 28 230 153 393
筷子 0.1373 245 35 311 92
剩饭剩菜 0.5804 184 315 340 403
剩饭剩菜 0.3578 58 159 218 252
剩饭剩菜 0.7687 238 203 378 310
剩饭剩菜 0.3394 23 255 160 397
剩饭剩菜 0.8148 72 96 173 146
剩饭剩菜 0.4477 64 66 110 89
剩饭剩菜 0.3887 20 155 53 186
剩饭剩菜 0.3090 233 101 327 183
剩饭剩菜 0.0563 237 64 259 99
剩饭剩菜 0.0877 252 365 270 401
陶瓷器皿 0.8305 215 99 348 182
陶瓷器皿 0.3116 50 71 199 158
陶瓷器皿 0.5428 6 141 64 199
陶瓷器皿 0.4239 25 244 159 407
陶瓷器皿 0.5583 53 153 206 256
陶瓷器皿 0.6418 243 50 314 96
陶瓷器皿 0.2467 182 190 405 309
陶瓷器皿 0.6654 176 294 339 401
陶瓷器皿 0.5620 411 323 434 401
陶瓷器皿 0.6011 55 58 117 98
陶瓷器皿 0.1101 264 59 295 83
陶瓷器皿 0.3395 1 207 17 252
陶瓷器皿 0.1744 4 291 40 364
陶瓷器皿 0.1286 382 203 434 247
陶瓷器皿 0.0753 257 77 303 97
