污损用纸 0.1292 211 620 337 739
污损用纸 0.0609 498 639 634 754
筷子 0.0985 348 613 414 755
剩饭剩菜 0.3786 620 361 851 713
剩饭剩菜 0.7315 772 212 926 304
剩饭剩菜 0.7291 617 133 768 236
剩饭剩菜 0.3008 288 66 439 269
剩饭剩菜 0.7519 271 261 442 388
剩饭剩菜 0.7730 103 375 251 566
剩饭剩菜 0.7487 522 174 635 267
剩饭剩菜 0.8320 238 468 379 636
剩饭剩菜 0.8419 171 137 245 204
剩饭剩菜 0.2709 -3 238 98 346
剩饭剩菜 0.4493 99 305 173 361
剩饭剩菜 0.2096 518 45 576 105
剩饭剩菜 0.3783 683 265 740 347
剩饭剩菜 0.2240 393 504 551 718
剩饭剩菜 0.1811 193 205 264 270
剩饭剩菜 0.1086 297 639 362 714
剩饭剩菜 0.0656 565 92 643 161
剩饭剩菜 0.0758 817 57 874 125
剩饭剩菜 0.0727 5 485 49 666
剩饭剩菜 0.0832 238 58 301 114
剩饭剩菜 0.0961 284 488 355 582
陶瓷器皿 0.8811 774 210 947 305
陶瓷器皿 0.5082 588 367 879 705
陶瓷器皿 0.5115 54 338 284 592
陶瓷器皿 0.4095 895 498 967 642
陶瓷器皿 0.6030 221 452 399 650
陶瓷器皿 0.7351 652 137 784 254
陶瓷器皿 0.8217 226 236 461 434
陶瓷器皿 0.5692 547 80 679 176
陶瓷器皿 0.6300 147 111 277 218
陶瓷器皿 0.6229 856 105 960 229
陶瓷器皿 0.3243 12 512 177 716
陶瓷器皿 0.3485 685 88 743 138
陶瓷器皿 0.4579 -1 472 84 627
陶瓷器皿 0.3378 667 261 755 386
陶瓷器皿 0.0757 323 45 431 284
陶瓷器皿 0.2054 688 48 742 97
陶瓷器皿 0.2674 234 652 306 715
陶瓷器皿 0.4029 137 92 203 134
陶瓷器皿 0.2628 774 112 896 206
陶瓷器皿 0.1905 889 171 947 230
陶瓷器皿 0.0825 581 -5 630 44
陶瓷器皿 0.2857 502 173 661 298
陶瓷器皿 0.2636 610 187 668 258
陶瓷器皿 0.0951 67 278 193 380
陶瓷器皿 0.1302 474 21 603 98
陶瓷器皿 0.0646 447 238 692 524
陶瓷器皿 0.0527 652 50 778 128
陶瓷器皿 0.0542 442 42 502 93
陶瓷器皿 0.0500 639 19 682 91
陶瓷器皿 0.1089 534 57 766 268
陶瓷器皿 0.0610 945 284 961 374
陶瓷器皿 0.0573 947 394 961 491
