污损用纸 0.0684 326 69 384 145
污损塑料 0.1254 21 50 175 294
筷子 0.0822 386 -2 419 48
塑料器皿 0.1704 24 35 173 257
陶瓷器皿 0.9482 243 94 455 262
陶瓷器皿 0.8857 232 17 382 92
陶瓷器皿 0.5772 7 17 89 137
陶瓷器皿 0.4906 144 0 172 36
陶瓷器皿 0.1767 393 31 464 153
陶瓷器皿 0.0501 315 -4 342 26
陶瓷器皿 0.0652 33 58 431 357
陶瓷器皿 0.1890 190 -2 211 26
陶瓷器皿 0.0518 128 -3 149 25
陶瓷器皿 0.1141 0 18 17 50
陶瓷器皿 0.1091 323 72 400 144
陶瓷器皿 0.0655 408 13 463 66
陶瓷器皿 0.0643 443 16 464 55
剩饭剩菜 0.9193 263 20 360 100
剩饭剩菜 0.8436 3 49 94 106
剩饭剩菜 0.5391 68 25 169 66
剩饭剩菜 0.7374 399 52 468 126
剩饭剩菜 0.6635 175 9 273 62
剩饭剩菜 0.5492 266 110 427 260
剩饭剩菜 0.0604 235 0 278 19
剩饭剩菜 0.0924 389 -1 412 40
剩饭剩菜 0.1248 193 34 228 60
剩饭剩菜 0.1108 130 37 163 70
