污损用纸 0.2387 173 358 288 492
筷子 0.0865 53 53 104 126
污损塑料 0.2568 12 273 237 602
污损塑料 0.1927 243 219 420 590
污损塑料 0.1299 6 244 98 331
玻璃器皿 0.0798 237 181 417 525
陶瓷器皿 0.6204 170 504 294 649
陶瓷器皿 0.5275 250 308 433 596
陶瓷器皿 0.6189 215 241 399 354
陶瓷器皿 0.5449 207 164 351 235
陶瓷器皿 0.6536 73 100 184 177
陶瓷器皿 0.3564 5 107 63 140
陶瓷器皿 0.0805 249 75 285 127
陶瓷器皿 0.2778 125 72 153 98
陶瓷器皿 0.4344 309 137 351 182
陶瓷器皿 0.1512 26 265 282 625
陶瓷器皿 0.2812 9 64 50 106
陶瓷器皿 0.4133 353 168 380 202
陶瓷器皿 0.2287 69 92 105 124
陶瓷器皿 0.2483 70 564 172 663
陶瓷器皿 0.1231 261 133 318 164
陶瓷器皿 0.1082 5 129 63 166
陶瓷器皿 0.1186 353 193 384 231
陶瓷器皿 0.0629 220 69 244 128
陶瓷器皿 0.0626 206 644 460 667
陶瓷器皿 0.0601 137 119 182 155
陶瓷器皿 0.0560 411 227 437 275
陶瓷器皿 0.0546 96 87 126 131
剩饭剩菜 0.5870 295 320 423 587
剩饭剩菜 0.8778 184 533 284 624
剩饭剩菜 0.8184 203 164 333 235
剩饭剩菜 0.2832 14 141 210 286
剩饭剩菜 0.6095 165 70 251 157
剩饭剩菜 0.4885 23 254 228 545
剩饭剩菜 0.7068 399 296 433 362
剩饭剩菜 0.5981 247 244 379 337
剩饭剩菜 0.0619 11 243 93 317
剩饭剩菜 0.1782 215 643 413 668
剩饭剩菜 0.1804 178 89 226 133
剩饭剩菜 0.0863 89 147 133 180
剩饭剩菜 0.0916 6 153 61 199
剩饭剩菜 0.0551 184 126 220 170
