污损用纸 0.4772 52 107 132 181
污损用纸 0.2136 339 214 430 293
污损用纸 0.0782 138 345 228 415
污损用纸 0.0500 201 356 261 428
筷子 0.3001 82 97 145 188
筷子 0.0656 338 207 435 285
金属器皿 0.0634 62 110 411 313
剩饭剩菜 0.2416 77 112 452 318
剩饭剩菜 0.6279 17 319 129 509
剩饭剩菜 0.8224 99 450 310 596
剩饭剩菜 0.4396 387 418 430 550
剩饭剩菜 0.2649 33 200 63 233
剩饭剩菜 0.0752 273 162 378 304
剩饭剩菜 0.0574 165 6 212 50
陶瓷器皿 0.3289 76 389 356 591
陶瓷器皿 0.1889 71 128 472 337
陶瓷器皿 0.8149 376 409 431 566
陶瓷器皿 0.7018 -11 335 143 498
陶瓷器皿 0.6505 -5 86 42 171
陶瓷器皿 0.7068 13 166 114 307
陶瓷器皿 0.4983 97 109 122 156
陶瓷器皿 0.3164 247 383 339 460
陶瓷器皿 0.0787 3 442 31 572
陶瓷器皿 0.1285 141 349 231 428
陶瓷器皿 0.0646 49 124 79 182
陶瓷器皿 0.0557 -72 582 -1 590
陶瓷器皿 0.0660 265 393 312 436
