饮料瓶 0.1024 53 -2 303 757
剩饭剩菜 0.9090 476 336 677 447
剩饭剩菜 0.2901 842 -4 1023 125
剩饭剩菜 0.4190 311 321 430 426
剩饭剩菜 0.1967 737 199 1006 529
剩饭剩菜 0.3512 344 156 552 349
剩饭剩菜 0.0872 80 308 492 748
剩饭剩菜 0.0948 580 103 747 210
陶瓷器皿 0.8397 454 277 684 514
陶瓷器皿 0.5999 575 75 756 303
陶瓷器皿 0.7199 283 124 560 347
陶瓷器皿 0.0597 726 171 984 544
陶瓷器皿 0.1037 132 25 299 333
陶瓷器皿 0.1917 687 39 833 163
陶瓷器皿 0.1026 3 158 184 513
陶瓷器皿 0.0787 557 9 734 117
陶瓷器皿 0.0777 727 83 794 147
陶瓷器皿 0.0740 673 2 731 76
陶瓷器皿 0.0742 585 17 649 93
