污损用纸 0.1015 14 241 107 327
筷子 0.0590 0 59 65 152
筷子 0.0941 62 59 110 146
玻璃器皿 0.1420 249 202 423 589
污损塑料 0.1664 20 277 226 591
污损塑料 0.0921 17 250 110 336
污损塑料 0.0753 187 329 282 517
陶瓷器皿 0.5434 247 296 446 600
陶瓷器皿 0.5779 79 572 174 670
陶瓷器皿 0.4926 167 510 301 663
陶瓷器皿 0.2846 222 223 420 385
陶瓷器皿 0.2441 165 73 254 165
陶瓷器皿 0.3921 15 109 67 162
陶瓷器皿 0.4212 87 114 193 195
陶瓷器皿 0.2657 208 158 369 236
陶瓷器皿 0.4130 350 173 390 223
陶瓷器皿 0.2542 128 76 160 117
陶瓷器皿 0.0754 18 68 58 114
陶瓷器皿 0.2788 66 95 98 151
陶瓷器皿 0.1525 254 132 317 165
陶瓷器皿 0.1305 128 130 181 170
陶瓷器皿 0.1086 316 144 362 188
陶瓷器皿 0.0803 334 166 380 198
陶瓷器皿 0.0869 8 228 450 757
剩饭剩菜 0.7233 294 330 428 576
剩饭剩菜 0.1711 24 261 263 617
剩饭剩菜 0.6828 177 525 293 624
剩饭剩菜 0.8111 249 244 395 325
剩饭剩菜 0.5698 206 172 338 252
剩饭剩菜 0.2135 161 79 249 144
剩饭剩菜 0.4118 23 129 209 295
剩饭剩菜 0.2490 25 261 86 312
剩饭剩菜 0.3594 404 292 438 370
剩饭剩菜 0.1245 89 148 133 187
剩饭剩菜 0.1100 19 160 81 206
