污损塑料 0.0841 654 178 1028 348
陶瓷器皿 0.7361 1 192 377 734
陶瓷器皿 0.8002 352 69 712 287
陶瓷器皿 0.6765 374 221 1017 780
陶瓷器皿 0.4907 10 -1 374 210
陶瓷器皿 0.4386 897 87 1028 207
陶瓷器皿 0.2987 404 6 473 67
陶瓷器皿 0.1141 669 14 856 107
陶瓷器皿 0.1607 976 33 1026 123
陶瓷器皿 0.1545 448 9 689 69
陶瓷器皿 0.1139 644 0 709 33
陶瓷器皿 0.0665 713 78 892 192
筷子 0.0699 717 171 1044 363
筷子 0.0588 188 519 248 704
剩饭剩菜 0.4338 400 263 994 747
剩饭剩菜 0.6949 355 63 710 256
剩饭剩菜 0.8293 695 23 778 83
剩饭剩菜 0.4919 16 4 366 156
剩饭剩菜 0.2646 544 12 614 68
剩饭剩菜 0.2925 28 364 332 683
剩饭剩菜 0.1361 940 270 1005 355
剩饭剩菜 0.0784 617 7 842 74
剩饭剩菜 0.0676 773 244 854 300
