污损用纸 0.1724 55 264 196 402
污损用纸 0.0847 533 519 691 674
剩饭剩菜 0.5072 312 348 406 418
剩饭剩菜 0.3299 515 102 683 212
剩饭剩菜 0.2973 536 141 626 186
剩饭剩菜 0.2926 407 208 572 344
剩饭剩菜 0.2282 588 210 742 337
剩饭剩菜 0.0585 197 541 260 615
剩饭剩菜 0.0674 337 439 429 522
果皮果肉 0.0551 149 490 285 630
陶瓷器皿 0.4348 763 249 870 311
陶瓷器皿 0.6701 316 422 463 555
陶瓷器皿 0.3725 70 -15 980 675
陶瓷器皿 0.3697 284 328 416 429
陶瓷器皿 0.3802 241 192 318 272
陶瓷器皿 0.1501 732 197 816 232
陶瓷器皿 0.2695 484 85 548 145
陶瓷器皿 0.1353 329 157 513 275
陶瓷器皿 0.1087 686 141 858 245
陶瓷器皿 0.1364 216 201 387 333
陶瓷器皿 0.1470 672 121 733 167
陶瓷器皿 0.0562 168 248 247 316
陶瓷器皿 0.0775 822 294 937 372
陶瓷器皿 0.0797 583 90 660 147
陶瓷器皿 0.0549 410 82 472 161
