筷子 0.1238 778 53 1003 120
筷子 0.1590 274 647 400 950
金属器皿 0.5342 301 296 714 755
金属器皿 0.0614 634 198 1044 682
剩饭剩菜 0.8745 585 513 1006 950
剩饭剩菜 0.7645 14 438 283 779
剩饭剩菜 0.9178 681 238 987 545
剩饭剩菜 0.8569 344 337 643 629
剩饭剩菜 0.7239 293 151 474 349
剩饭剩菜 0.3906 0 329 152 469
剩饭剩菜 0.4705 559 58 744 232
剩饭剩菜 0.1851 811 34 939 69
陶瓷器皿 0.7066 565 519 990 938
陶瓷器皿 0.9238 224 133 525 365
陶瓷器皿 0.8159 293 308 699 665
陶瓷器皿 0.9075 514 56 788 266
陶瓷器皿 0.5779 630 221 1036 580
陶瓷器皿 0.8877 3 134 140 279
陶瓷器皿 0.7142 0 420 301 816
陶瓷器皿 0.8613 -5 249 176 503
陶瓷器皿 0.1734 147 200 194 293
陶瓷器皿 0.1179 220 106 375 215
陶瓷器皿 0.1308 1003 122 1021 238
陶瓷器皿 0.0668 1000 0 1019 90
陶瓷器皿 0.0514 532 17 591 69
陶瓷器皿 0.0874 -2 866 50 951
陶瓷器皿 0.0575 230 43 274 133
