污损用纸 0.1225 610 503 762 611
筷子 0.3261 433 442 724 642
筷子 0.0721 786 89 851 127
剩饭剩菜 0.9093 584 249 854 503
剩饭剩菜 0.8048 4 126 209 394
剩饭剩菜 0.7643 866 176 1008 341
剩饭剩菜 0.7696 449 68 644 202
剩饭剩菜 0.9404 0 408 279 643
剩饭剩菜 0.7806 319 223 520 441
剩饭剩菜 0.8753 692 129 809 192
剩饭剩菜 0.7985 311 128 373 206
剩饭剩菜 0.2755 486 508 670 615
剩饭剩菜 0.3837 320 561 410 619
剩饭剩菜 0.3373 533 440 593 518
剩饭剩菜 0.0753 771 89 831 127
陶瓷器皿 0.7145 266 210 540 461
陶瓷器皿 0.8139 843 156 1019 359
陶瓷器皿 0.5830 546 242 862 503
陶瓷器皿 0.8366 670 109 839 210
陶瓷器皿 0.6084 1 144 212 376
陶瓷器皿 0.6612 -19 373 304 623
陶瓷器皿 0.7024 419 61 695 232
陶瓷器皿 0.6117 321 476 358 551
陶瓷器皿 0.2307 282 519 462 622
陶瓷器皿 0.0545 782 100 856 135
